100 100 3 0 0 0 0 0 1 1 0 0
1000 1000 3 0 0 0 0 0 1 0 10 0
2000 1000 3 0 0 0 0 0 1 0 100 0
2000 1000 8 20 0 0 0 0 0 1 0 100 0
2000 1000 7 20 1 0 0 0 0 0 1 0 100 0
2000 1000 6 2 0 0 0 0 0 1 0 100 0
2000 1000 9 4 0 0 0 0 0 1 0 100 0
2000 1000 9 8 0 0 0 0 0 1 0 100 0
2000 1000 9 20 0 0 0 0 0 1 0 100 0
2000 1000 11 10 0.25 0 0 0 0 0 1 0 100 0
160 90 3 0 0 0 0 0 1 1 1 0
5000 5000 3 0 0 0 0 0 1 0 1000 0
10000 10000 3 0 0 0 0 0 1 0 5000 0

100 100 2 0 0 0 0 0 0 0 1 1 10 0


TODO:   ruido de diamante
	actualización en base a los fps